0.76875
0.21820
0.37150
0.12287
0.28121
0.16675
0.41201
0.14621
0.07693
0.59039
0.98584
0.05413
0.76199
0.58776
0.45797
0.47664
0.61973
0.40792
0.69404
0.51019
0.20831
0.39202
0.77090
0.09107
0.53513
0.51078
0.31141
0.58047
0.95556
0.79007
0.48360
0.18913
0.12014
0.17778
0.24939
0.98671
0.55147
0.72260
0.64018
0.59127
0.65424
0.17544
0.85193
0.81840
0.27825
0.82981
0.51803
0.46768
0.04264
0.72383
0.17615
0.08139
0.29791
0.49236
0.47238
0.46242
0.39159
0.52595
0.01491
0.28658
0.60278
0.12396
0.38485
0.09772
0.69895
0.64880
0.96307
0.54240
0.62930
0.13531
0.92088
0.34288
0.11699
0.44925
0.11169
0.82920
0.26449
0.56196
0.67723
0.98606
0.26036
0.12651
0.82142
0.39501
0.92067
0.55822
0.76279
0.94988
0.78102
0.50584
0.87018
0.53234
0.97852
0.34059
0.57237
0.28213
0.78263
0.79897
0.37965
0.26796
0.86978
0.72529
0.45553
0.56860
0.78981
0.15829
0.44473
0.17159
0.45634
0.28282
0.45095
0.05502
0.80848
0.44722
0.57655
0.18947
0.86892
0.86713
0.30666
0.07828
0.38638
0.24940
0.87936
0.91426
0.51551
0.48720
0.88441
0.36341
0.06269
0.14969
0.58360
0.46150
0.77566
0.35340
0.91592
0.12065
0.66901
0.03936
0.95431
0.18625
0.28899
0.88140
0.60839
0.11214
0.29763
0.47084
0.64612
0.33693
0.21443
0.34156
0.18281
0.12792
0.15799
0.70215
0.51225
0.80646
0.89985
0.89496
0.30478
0.11856
0.10778
0.24110
0.06647
0.65437
0.10833
0.80172
0.29285
0.30280
0.42021
0.73227
0.25900
0.63997
0.76150
0.65954
0.71308
0.40037
0.78406
0.77449
0.47325
0.93015
0.82688
0.61368
0.06115
0.83262
0.42573
0.80693
0.94209
0.34640
0.19476
0.90347
0.48217
0.14936
0.09883
0.99133
0.77483
0.32621
0.89082
0.23747
0.13970
0.47985
0.94362
0.15934
0.99272
0.05946
0.38500
0.40245
0.63155
0.88195
0.25440
0.65080
0.35431
0.34776
0.48314
0.90647
0.07969
0.07410
0.96687
0.77053
0.60848
0.81138
0.71377
0.46087
0.60174
0.20189
0.84144
0.46042
0.04232
0.30661
0.18609
0.98918
0.08773
0.95179
0.47430
0.50946
0.12384
0.24165
0.78702
0.74633
0.86542
0.82306
0.82910
0.29507
0.88743
0.23799
0.25207
0.12515
0.36263
0.07625
0.24332
0.97542
0.99928
0.42033
0.36920
0.03131
0.71771
0.85206
0.86385
0.88891
0.81220
0.89961
0.87395
0.51315
0.28922
0.99727
0.33785
0.67517
0.90506
0.51693
0.81730
0.95653
0.08968
0.92859
0.86206
0.92542
0.35688
0.90701
0.55549
0.84186
0.83250
0.38255
0.54122
0.83183
0.94473
0.70590
0.39009
0.77549
0.90935
0.84622
0.29251
0.94868
0.49850
0.08472
0.71763
0.14444
0.42628
0.16015
0.20546
0.38406
0.43396
0.65724
0.30007
0.66437
0.05850
0.86283
0.80509
0.65495
0.97672
0.62233
0.65135
0.60369
0.41918
0.31138
0.79967
0.27101
0.90593
0.00002
0.60118
0.20216
0.06321
0.80559
0.77499
0.78280
0.39092
0.98784
0.94834
0.43196
0.81006
0.96300
0.89658
0.30203
0.27118
0.01977
0.63121
0.44202
0.80010
0.23592
0.72382
0.02082
0.83501
0.97120
0.07157
0.03513
0.32640
0.87249
0.04998
0.00472
0.81184
0.59639
0.53481
0.28411
0.90774
0.95008
0.48004
0.07307
0.59819
0.61403
0.94493
0.86903
0.92784
0.22202
0.84221
0.75462
0.51040
0.56104
0.10517
0.50289
0.32290
0.00902
0.52473
0.31518
0.00710
0.22622
0.79349
0.19153
0.68647
0.00522
0.94804
0.70839
0.53734
0.72347
0.10084
0.29871
0.34383
0.88434
0.34703
0.02757
0.91835
0.67717
0.95090
0.00237
0.66135
0.25900
0.31728
0.43926
0.62175
0.06280
0.25119
0.30140
0.61798
0.24723
0.39078
0.64253
0.93477
0.67665
0.09371
0.27898
0.79542
0.72243
0.53601
0.00914
0.35520
0.16784
0.63774
0.96498
0.68250
0.04164
0.63036
0.00355
0.15401
0.55300
0.10121
0.77360
0.96837
0.64960
0.07500
0.94054
0.87021
0.93697
0.07892
0.97192
0.14009
0.58812
0.90655
0.76973
0.52210
0.47905
0.67696
0.88052
0.14772
0.11281
0.20077
0.34027
0.47681
0.25681
0.61566
0.41942
0.33514
0.44759
0.02067
0.37182
0.22312
0.52621
0.02304
0.72536
0.64412
0.68725
0.52283
0.36290
0.38786
0.82964
0.87463
0.00712
0.81919
0.88466
0.85773
0.41449
0.57022
0.71263
0.03761
0.61230
0.56346
0.38327
0.49208
0.16152
0.29932
0.58808
0.67806
0.92309
0.38318
0.74669
0.01937
0.49500
0.14752
0.24395
0.61764
0.56609
0.12970
0.48067
0.67389
0.68962
0.52782
0.96061
0.15682
0.28591
0.91497
0.62414
0.09960
0.40343
0.57626
0.24939
0.23686
0.90773
0.70046
0.39935
0.70114
0.71883
0.59496
0.23942
0.50322
0.29451
0.78683
0.87616
0.76715
0.50895
0.14043
0.51743
0.66465
0.09060
0.55262
0.73158
0.72288
0.18871
0.50032
0.44109
0.03938
0.44452
0.38456
0.40380
0.57370
0.03882
0.65652
0.84022
0.70506
0.04298
0.26798
0.51714
0.87036
0.61836
0.23458
0.67023
0.34515
0.11840
0.78408
0.60988
0.15742
0.15909
0.14265
0.42994
0.24074
0.52848
0.60581
0.12188
0.44831
0.50392
0.39064
0.79349
0.68833
0.45010
0.45875
0.63250
0.08541
0.23232
0.61322
0.45925
0.05084
0.09919
0.79721
0.78667
0.81397
0.92216
0.12206
0.00277
0.11119
0.61250
0.02517
0.22895
0.97360
0.83627
0.98317
0.03301
0.12967
0.24865
0.45417
0.05185
0.65183
0.77622
0.62323
0.03569
0.49013
0.02381
0.26001
0.85180
0.80971
0.03957
0.29131
0.46034
0.22980
0.84511
0.93091
0.46805
0.14929
0.84029
0.39426
0.85369
0.99418
0.22960
0.38737
0.53655
0.97565
0.05681
0.15682
0.83494
0.59512
0.94066
0.83013
0.45012
0.22444
0.69473
0.98352
0.51836
0.41396
0.02544
0.19863
0.67810
0.95330
0.41824
0.55149
0.46159
0.47308
0.64372
0.19605
0.36680
0.29784
0.80204
0.79677
0.76870
0.48926
0.89808
0.37976
0.00003
0.92149
0.34442
0.91073
0.61274
0.93067
0.53218
0.70560
0.73935
0.26132
0.61420
0.37656
0.74502
0.07542
0.13640
0.54356
0.18556
0.83862
0.45606
0.97904
0.51677
0.25269
0.91381
0.85715
0.48658
0.89403
0.37968
0.99465
0.95185
0.44116
0.01905
0.05362
0.45906
0.04740
0.01266
0.55345
0.40108
0.86024
0.36531
0.97888
0.41700
0.89179
0.48416
0.44809
0.37256
0.74819
0.37114
0.94053
0.50540
0.89904
0.87092
0.16024
0.73840
0.52710
0.47055
0.19799
0.83290
0.88817
0.89137
0.04609
0.78804
0.37011
0.40910
0.25318
0.51780
0.64565
0.19273
0.47975
0.84842
0.21965
0.68483
0.18186
0.48374
0.68440
0.46416
0.36087
0.06001
0.29129
0.86630
0.41147
0.30188
0.44436
0.48735
0.83964
0.61893
0.86922
0.82853
0.74455
0.09835
0.30214
0.39081
0.17850
0.48432
0.25761
0.00269
0.12215
0.76061
0.81037
0.07498
0.64385
0.07287
0.71839
0.77860
0.37378
0.83754
0.26479
0.81293
0.14512
0.86400
0.81164
0.73612
0.06992
0.75360
0.26115
0.41073
0.47147
0.67016
0.65453
0.22221
0.66040
0.84041
0.42092
0.00850
0.83521
0.34088
0.18163
0.28928
0.35185
0.87567
0.73821
0.17582
0.47178
0.63640
0.35730
0.07066
0.76994
0.35104
0.24281
0.20922
0.74937
0.27770
0.06159
0.77304
0.92980
0.77521
0.84141
0.14542
0.05665
0.46372
0.10009
0.26049
0.24574
0.64899
0.72735
0.88932
0.49881
0.42666
0.11045
0.85951
0.64999
0.22456
0.47531
0.72052
0.28625
0.84230
0.29998
0.95188
0.03936
0.87807
0.77179
0.11299
0.37123
0.96350
0.09291
0.05654
0.25988
0.56049
0.81706
0.52123
0.25758
0.80313
0.89670
0.51803
0.34046
0.39694
0.83240
0.26303
0.06926
0.64278
0.96961
0.38996
0.57863
0.69168
0.01480
0.92227
0.83111
0.12598
0.14328
0.84220
0.64478
0.59120
0.07046
0.66308
0.48879
0.57110
0.89459
0.63361
0.96644
0.13646
0.14059
0.83433
0.63819
0.95838
0.61688
0.76539
0.56619
0.85079
0.43347
0.43508
0.95080
0.87804
0.18374
0.73580
0.65159
0.81428
0.79427
0.26872
0.10305
0.96996
0.06997
0.02478
0.23874
0.10098
0.37968
0.55636
0.93689
0.25686
0.64706
0.90361
0.32668
0.04229
0.75708
0.88072
0.99647
0.18966
0.28563
0.05474
0.88130
0.04503
0.85035
0.10772
0.60718
0.34831
0.18100
0.70156
0.46327
0.56535
0.00088
0.38394
0.92104
0.30333
0.56342
0.15038
0.25821
0.31997
0.03426
0.33487
0.66301
0.61675
0.02786
0.53806
0.67794
0.75626
0.46244
0.53473
0.26423
0.39253
0.68721
0.25889
0.19298
0.66598
0.38850
0.60604
0.18304
0.55567
0.12107
0.98545
0.44242
0.33215
0.27274
0.35043
0.51522
0.36147
0.38425
0.96328
0.25450
0.36646
0.88192
0.73088
0.44555
0.95659
0.10925
0.30484
0.28358
0.46397
0.98696
0.39968
0.36619
0.95000
0.25347
0.65130
0.82643
0.33014
0.86732
0.75148
0.19772
0.37688
0.47093
0.18950
0.24281
0.63006
0.33448
0.86781
0.89796
0.22340
0.25712
0.86242
0.53264
0.43503
0.46818
0.44035
0.30746
0.16293
0.36381
0.19332
0.66384
0.02019
0.52650
0.68012
0.33122
0.96544
0.52628
0.16115
0.63634
0.81083
0.78762
0.26401
0.19202
0.73694
0.92897
0.37774
0.64897
0.41342
0.70387
0.30700
0.07115
0.76620
0.66189
0.11072
0.28742
0.56830
